MODE 1

EFAC 0.989

C #########
C L-Band:
C #############


JUMP
C NGC1851E_01L_MeerTIME_pgb_n256.c256.c4s6.aru
m                963.546 59229.6395833036543   24.490                 0.00000
m               1174.870 59229.6395832661436   23.088                 0.00000
m               1389.395 59229.6395832696261   19.891                 0.00000
m               1600.745 59229.6395832749341   24.685                 0.00000
m                963.546 59229.6670320759024   81.929                 0.00000
C m               1174.870 59229.6670320657622   74.425                 0.00000
C m               1389.395 59229.6670320399841   83.765                 0.00000
C m               1600.745 59229.6670320650004   56.294                 0.00000
m                963.546 59229.6951388796678   20.966                 0.00000
m               1174.870 59229.6951388423827   18.160                 0.00000
m               1389.395 59229.6951388454580   13.785                 0.00000
m               1600.745 59229.6951388500503   26.273                 0.00000
m                963.546 59229.7229166252696   34.166                 0.00000
m               1174.870 59229.7229165879522   48.968                 0.00000
m               1389.395 59229.7229165910922   45.652                 0.00000
m               1600.745 59229.7229165968341   61.136                 0.00000
m                963.546 59229.7522876281030   20.518                 0.00000
m               1174.870 59229.7522875902228   26.670                 0.00000
m               1389.395 59229.7522875932799   37.109                 0.00000
m               1600.745 59229.7522875986618   47.578                 0.00000
m                963.546 59229.7784720993591   29.420                 0.00000
m               1174.870 59229.7784720630164   54.291                 0.00000
m               1389.395 59229.7784720640398   50.314                 0.00000
m               1600.745 59229.7784720718965   48.389                 0.00000




C NGC1851E_02L_MeerTIME_pgb_n256.c256.c4s5.aru
m                963.786 59342.2986314533596   41.025                 0.00000
m               1179.346 59342.2986314695486   52.706                 0.00000
m               1389.392 59342.2986314209378   47.460                 0.00000
C m               1605.634 59342.2986314399748  109.597                 0.00000
m                963.786 59342.3124999530889   46.353                 0.00000
m               1179.346 59342.3124999676063   33.271                 0.00000
m               1389.392 59342.3124999197713   32.571                 0.00000
m               1605.634 59342.3124999196196   40.849                 0.00000
m                963.786 59342.3263888665940   27.157                 0.00000
m               1179.346 59342.3263888817075   19.888                 0.00000
m               1389.392 59342.3263888336559   32.604                 0.00000
m               1605.634 59342.3263888335226   44.783                 0.00000
m                963.786 59342.3402777295898   14.108                 0.00000
m               1179.346 59342.3402777447976   22.310                 0.00000
m               1389.392 59342.3402776972347   46.182                 0.00000
m               1605.634 59342.3402776957174   59.049                 0.00000
m                963.786 59342.3550441016616   64.779                 0.00000
C m               1179.346 59342.3550441223777   84.681                 0.00000
m               1389.392 59342.3550440678153   39.285                 0.00000
m               1605.634 59342.3550440662581   43.023                 0.00000



C NGC1851E_03L_MeerTIME_pgb_n256.c256.c4s4.aru
m                962.893 59342.6187500130258   53.219                 0.00000
m               1173.829 59342.6187499746534   37.033                 0.00000
m               1381.785 59342.6187499888695   44.076                 0.00000
C m               1599.235 59342.6187499787168   67.472                 0.00000
m                962.893 59342.6409722206778   21.666                 0.00000
m               1173.829 59342.6409721831217   33.482                 0.00000
m               1381.785 59342.6409721969426   25.203                 0.00000
m               1599.235 59342.6409721906128   42.337                 0.00000
m                962.894 59342.6607580327843   36.200                 0.00000
m               1173.828 59342.6607579941422   64.523                 0.00000
m               1381.785 59342.6607580089244   55.373                 0.00000
m               1599.235 59342.6607580020549   86.143                 0.00000

JUMP


EFAC 1.012

C ############
C UHF: Standard Template with 815.734 MHz f_c: 
C Analysis: 
C ###########

C NGC1851E_04U_MeerTIME_pgb_n256.c128.c4s4.aru
m                614.020 59355.2638850457020   29.311                 0.00000
m                749.207 59355.2638850099169   21.438                 0.00000
m                875.432 59355.2638850517736   23.043                 0.00000
m               1017.817 59355.2638850477623   44.423                 0.00000
m                614.057 59355.2849605874612   68.936                 0.00000
C m                749.207 59355.2849605694313  114.031                 0.00000
C m                875.432 59355.2849605520959  116.905                 0.00000
C m               1017.716 59355.2849605925900  126.557                 0.00000
m                614.058 59355.3076389126731   75.179                 0.00000
C m                749.208 59355.3076388995443   93.529                 0.00000
C m                875.433 59355.3076388829649  115.409                 0.00000
C m               1017.808 59355.3076388618666  100.363                 0.00000
m                613.970 59355.3263920362770   57.923                 0.00000
m                749.207 59355.3263919996991   42.985                 0.00000
m                875.432 59355.3263920417944   36.050                 0.00000
m               1017.720 59355.3263920370698   38.953                 0.00000



C NGC1851E_05U_MeerTIME_pgb_n256.c256.c4s4.aru
C m                614.057 59355.6388889060359   75.778                 0.00000
m                747.932 59355.6388888957293   64.378                 0.00000
m                881.514 59355.6388888765959   59.984                 0.00000
m               1015.966 59355.6388889258229   41.548                 0.00000
m                614.058 59355.6604166656834   68.893                 0.00000
m                747.933 59355.6604166486724   51.570                 0.00000
m                881.514 59355.6604166289560   38.257                 0.00000
m               1015.966 59355.6604166785959   31.281                 0.00000
m                614.057 59355.6833333584501   78.932                 0.00000
m                747.932 59355.6833333396325   83.225                 0.00000
m                881.514 59355.6833333226163   91.712                 0.00000
C m               1015.966 59355.6833333691168   87.660                 0.00000
m                614.057 59355.7009722132596   70.831                 0.00000
m                747.932 59355.7009721952908  116.113                 0.00000
C m                881.514 59355.7009721783628   86.293                 0.00000
C m               1015.966 59355.7009721820177  108.305                 0.00000



C NGC1851E_06U_MeerTIME_pgb_n256.c256.c4s4.aru
m                612.691 59358.2534722158332   38.924                 0.00000
m                748.193 59358.2534722296757   44.025                 0.00000
m                882.242 59358.2534722094944   34.340                 0.00000
m               1017.645 59358.2534722556071   74.940                 0.00000
m                612.691 59358.2755092747387   32.574                 0.00000
m                748.193 59358.2755092885581   16.713                 0.00000
m                882.242 59358.2755092677932   20.010                 0.00000
m               1017.645 59358.2755093138832   32.544                 0.00000
m                612.691 59358.2972221397248   31.458                 0.00000
m                748.193 59358.2972221538330   38.893                 0.00000
m                882.242 59358.2972221332950   83.970                 0.00000
m               1017.645 59358.2972221793712   48.487                 0.00000
m                612.692 59358.3156943960000   57.422                 0.00000
m                748.194 59358.3156944108874  121.996                 0.00000
m                882.242 59358.3156943899336  104.736                 0.00000
m               1017.645 59358.3156944362527   55.116                 0.00000


C NGC1851E_07U_MeerTIME_pgb_n256.c256.c4s4.aru
m                613.868 59360.6172570383819   47.241                 0.00000
m                747.781 59360.6172570185342   22.915                 0.00000
m                875.669 59360.6172570418218   28.297                 0.00000
m               1015.585 59360.6172569846249   40.841                 0.00000
m                614.058 59360.6383429132418   35.743                 0.00000
m                747.843 59360.6383428978850   42.906                 0.00000
m                875.734 59360.6383429201380   41.327                 0.00000
m               1015.682 59360.6383429268966   45.930                 0.00000
m                614.058 59360.6600686197474   48.184                 0.00000
m                747.760 59360.6600686035730   52.976                 0.00000
m                875.727 59360.6600686256425   81.026                 0.00000
m               1015.682 59360.6600685701021   95.642                 0.00000
m                614.057 59360.6802164864811   34.055                 0.00000
m                747.521 59360.6802164737448   24.982                 0.00000
m                875.625 59360.6802164945550   40.431                 0.00000
m               1015.682 59360.6802165003843   52.046                 0.00000



C NGC1851E_08U_MeerTIME_n256.c256.c4s6.aru
m                612.795 59398.4920503672380   27.947                 0.00000
m                747.973 59398.4920503867217   41.850                 0.00000
m                878.960 59398.4920503881184   36.893                 0.00000
m               1018.814 59398.4920504046585   42.917                 0.00000
m                612.796 59398.5065624795304   65.954                 0.00000
m                747.973 59398.5065624976788   28.140                 0.00000
m                878.961 59398.5065624994678   21.164                 0.00000
m               1018.814 59398.5065625165955   34.964                 0.00000
m                612.796 59398.5214581855794   45.221                 0.00000
m                747.973 59398.5214582046373   25.066                 0.00000
m                878.961 59398.5214582055271   17.532                 0.00000
m               1018.814 59398.5214582228151   35.294                 0.00000
m                612.796 59398.5357637774625   24.686                 0.00000
m                747.973 59398.5357637964189   36.385                 0.00000
m                878.961 59398.5357637982009   44.346                 0.00000
m               1018.814 59398.5357638149454   42.374                 0.00000
m                612.796 59398.5502777211844   55.264                 0.00000
m                747.973 59398.5502777397603   36.039                 0.00000
m                878.961 59398.5502777413281   27.497                 0.00000
m               1018.814 59398.5502777583476   36.565                 0.00000
m                612.795 59398.5628471730255   48.373                 0.00000
m                747.973 59398.5628471929929   18.927                 0.00000
m                878.961 59398.5628471939012   20.709                 0.00000
m               1018.815 59398.5628472106138   32.056                 0.00000



C NGC1851E_09U_MeerTIME_n256.c128.c4s6.aru
m                612.795 59443.2400401212331   30.395                 0.00000
m                745.904 59443.2400401631645   30.295                 0.00000
m                876.885 59443.2400401550537   29.588                 0.00000
m               1014.340 59443.2400401127628   42.490                 0.00000
m                612.795 59443.2541665500325   72.101                 0.00000
C m                745.904 59443.2541665528005   85.121                 0.00000
m                876.885 59443.2541665841896   48.491                 0.00000
m               1014.340 59443.2541665413025   62.101                 0.00000
m                612.795 59443.2682931157420   64.856                 0.00000
m                745.904 59443.2682931574422   27.055                 0.00000
m                876.885 59443.2682931486763   35.303                 0.00000
m               1014.340 59443.2682931070675   26.517                 0.00000
m                612.795 59443.2819648596163   33.817                 0.00000
m                745.904 59443.2819649027626   36.261                 0.00000
m                876.885 59443.2819648954950   67.228                 0.00000
m               1014.340 59443.2819648526679   39.453                 0.00000
m                612.795 59443.2958515690864   74.442                 0.00000
m                745.904 59443.2958516114734   35.022                 0.00000
m                876.885 59443.2958516026917   26.365                 0.00000
m               1014.340 59443.2958515608234   23.241                 0.00000
m                612.795 59443.3090276998926   64.005                 0.00000
m                745.904 59443.3090277428703   24.393                 0.00000
m                876.885 59443.3090277339917   23.398                 0.00000
m               1014.340 59443.3090276915339   25.267                 0.00000




C NGC1851E_10U_MeerTIME_n256.c256.c4s6.aru
m                613.291 59458.0743055011808   41.930                 0.00000
m                748.168 59458.0743054643498   35.695                 0.00000
m                877.378 59458.0743054799252   21.483                 0.00000
m               1025.045 59458.0743054557026   31.155                 0.00000
m                613.291 59458.0885416288649   31.245                 0.00000
m                748.168 59458.0885416559452   22.639                 0.00000
m                877.378 59458.0885416713968   24.659                 0.00000
m               1025.044 59458.0885416469701   20.388                 0.00000
m                613.291 59458.1031249467875   18.433                 0.00000
m                748.168 59458.1031249743480   22.865                 0.00000
m                877.378 59458.1031249894253   26.990                 0.00000
m               1025.044 59458.1031249654346   39.459                 0.00000
m                613.291 59458.1179860707875   68.273                 0.00000
m                748.168 59458.1179860979803   25.915                 0.00000
m                877.378 59458.1179861129984   20.520                 0.00000
m               1025.045 59458.1179860891839   32.273                 0.00000
C m                613.291 59458.1321890049913  110.916                 0.00000
m                748.168 59458.1321889694571   52.413                 0.00000
m                877.269 59458.1321889849847   74.633                 0.00000
m               1025.045 59458.1321889611025   60.206                 0.00000
m                613.291 59458.1447916885313   44.888                 0.00000
m                748.168 59458.1447916505981   30.959                 0.00000
m                877.378 59458.1447916656177   29.540                 0.00000
m               1025.045 59458.1447916416821   32.826                 0.00000



C NGC1851E_11U_MeerTIME_n256.c256.c4s8.aru
m                611.646 59487.9482638188970   32.973                 0.00000
m                746.670 59487.9482638271808   26.450                 0.00000
m                881.278 59487.9482637956107   41.501                 0.00000
m               1019.859 59487.9482638246911   31.729                 0.00000
m                611.646 59487.9591898315855   46.498                 0.00000
m                746.670 59487.9591898405594   19.859                 0.00000
m                881.278 59487.9591898092299   19.222                 0.00000
m               1019.859 59487.9591898374409   25.508                 0.00000
m                611.646 59487.9700693599813   26.454                 0.00000
m                746.670 59487.9700693699297   13.423                 0.00000
m                881.278 59487.9700693380139   12.787                 0.00000
m               1019.859 59487.9700693671756   17.087                 0.00000
m                611.646 59487.9812499755869   26.442                 0.00000
m                746.671 59487.9812499847204   17.769                 0.00000
m                881.278 59487.9812499529809   22.241                 0.00000
m               1019.859 59487.9812499817278   22.249                 0.00000
m                611.646 59487.9924304865215   24.387                 0.00000
m                746.670 59487.9924304955924   18.360                 0.00000
m                881.278 59487.9924304640520   20.849                 0.00000
m               1019.859 59487.9924304923707   38.542                 0.00000
m                611.646 59488.0032241820736   41.719                 0.00000
m                746.670 59488.0032241906788   50.515                 0.00000
m                881.278 59488.0032241594456   70.413                 0.00000
m               1019.859 59488.0032241869321   64.463                 0.00000
m                611.646 59488.0148379437888   25.498                 0.00000
m                746.670 59488.0148379519645   13.423                 0.00000
m                881.278 59488.0148379206917   10.839                 0.00000
m               1019.859 59488.0148379487599   14.936                 0.00000
m                611.646 59488.0225694576645   43.466                 0.00000
m                746.670 59488.0225694677011   30.540                 0.00000
C m                881.278 59488.0225694246504   64.217                 0.00000
m               1019.859 59488.0225694638373   42.510                 0.00000



C NGC1851E_12U_MeerTIME_n256.c128.c4s8.aru
m                612.340 59525.0836475008975   44.292                 0.00000
m                747.527 59525.0836475153294   51.640                 0.00000
m                866.086 59525.0836475429319   29.218                 0.00000
m               1020.283 59525.0836475203568   55.323                 0.00000
m                612.340 59525.0989583183943   31.259                 0.00000
m                747.527 59525.0989583326799   31.325                 0.00000
m                866.086 59525.0989583605258   35.643                 0.00000
m               1020.283 59525.0989583390665   58.044                 0.00000
C m                612.340 59525.1147652221836   79.536                 0.00000
m                747.527 59525.1147652390231   75.081                 0.00000
C m                866.086 59525.1147652651197   58.226                 0.00000
m               1020.283 59525.1147652447822   38.237                 0.00000
m                612.340 59525.1309027816342   43.014                 0.00000
m                747.527 59525.1309027958402   31.362                 0.00000
m                866.086 59525.1309028227863   28.402                 0.00000
m               1020.283 59525.1309028012686   25.914                 0.00000
m                612.340 59525.1469696340761   23.994                 0.00000
m                747.527 59525.1469696486222   21.830                 0.00000
m                866.086 59525.1469696768228   28.512                 0.00000
m               1020.283 59525.1469696544190   32.790                 0.00000
m                612.340 59525.1623610261410   30.109                 0.00000
m                747.527 59525.1623610409845   20.572                 0.00000
m                866.086 59525.1623610690290   28.747                 0.00000
m               1020.283 59525.1623610469594   31.433                 0.00000
m                612.340 59525.1788194311074   54.715                 0.00000
m                747.527 59525.1788194452235   27.155                 0.00000
m                866.086 59525.1788194726913   28.533                 0.00000
m               1020.283 59525.1788194504145   21.362                 0.00000
m                612.340 59525.1934027869866   41.567                 0.00000
m                747.527 59525.1934028013111   37.485                 0.00000
m                866.086 59525.1934028285000   27.649                 0.00000
m               1020.283 59525.1934028062471   27.918                 0.00000




C NGC1851E_13U_MeerTIME_n256.c128.c4s4.aru
m                613.291 59527.9295138302780   17.398                 0.00000
m                749.857 59527.9295138371379   42.290                 0.00000
m                876.050 59527.9295138818153   59.018                 0.00000
m               1026.761 59527.9295138391667   68.736                 0.00000
m                613.291 59527.9506944680647   26.149                 0.00000
m                749.857 59527.9506944105545   21.377                 0.00000
m                876.050 59527.9506944547370   30.901                 0.00000
m               1026.761 59527.9506944124271   32.550                 0.00000
m                613.291 59527.9725694292125   50.642                 0.00000
m                749.858 59527.9725693716593   23.542                 0.00000
m                876.050 59527.9725694159913   17.148                 0.00000
m               1026.761 59527.9725693739726   15.593                 0.00000
m                613.291 59527.9921461030186   45.525                 0.00000
C m                749.857 59527.9921461475532   95.564                 0.00000
m                876.050 59527.9921461529115   54.336                 0.00000
m               1026.761 59527.9921461123359   57.559                 0.00000



C NGC1851E_14U_MeerTIME_n256.c128.c4s4.aru
m                611.732 59616.5551345700851   48.342                 0.00000
C m                756.396 59616.5551345906781   59.152                 0.00000
m                877.801 59616.5551345743547  120.456                 0.00000
m               1019.137 59616.5551345800748   96.035                 0.00000
m                611.732 59616.5750521178602   32.227                 0.00000
C m                756.396 59616.5750520939841   75.991                 0.00000
m                877.877 59616.5750521210388   42.886                 0.00000
m               1019.153 59616.5750521272619   62.736                 0.00000
m                611.712 59616.5977751658896   60.201                 0.00000
m                756.396 59616.5977751928680   75.710                 0.00000
m                877.797 59616.5977751721103   62.496                 0.00000
C m               1019.137 59616.5977751797202   83.856                 0.00000
m                611.731 59616.6175047166937  103.295                 0.00000
m                756.331 59616.6175047424792   37.265                 0.00000
m                877.797 59616.6175047207441   42.509                 0.00000
m               1019.277 59616.6175047268285   35.754                 0.00000




C NGC1851E_15U_MeerTIME_n256.c128.c4s4.aru
m                611.732 59681.4930555824154   25.956                 0.00000
m                747.732 59681.4930555811431   40.942                 0.00000
m                877.797 59681.4930555905743   57.679                 0.00000
m               1019.732 59681.4930555916718   75.860                 0.00000
m                611.732 59681.5145602066161   55.248                 0.00000
m                747.732 59681.5145602069628   36.793                 0.00000
m                877.797 59681.5145602147094   54.246                 0.00000
m               1019.732 59681.5145602170991   66.680                 0.00000
m                611.733 59681.5559026816389   99.488                 0.00000
m                747.733 59681.5559026815715   61.560                 0.00000
m                877.797 59681.5559026886641   65.394                 0.00000
C m               1019.732 59681.5559026889271   83.347                 0.00000




C NGC1851E_16U_MeerTIME_n256.c256.c4s6.aru 
m                611.733 59726.6377246243159   81.665                 0.00000
m                749.806 59726.6377245974267   60.398                 0.00000
m                877.944 59726.6377246284148   52.608                 0.00000
m               1017.608 59726.6377246425473   46.075                 0.00000
m                611.733 59726.6506395442905   24.045                 0.00000
m                749.806 59726.6506395176661   23.381                 0.00000
m                877.944 59726.6506395477912   18.105                 0.00000
m               1017.607 59726.6506395616781   32.849                 0.00000
m                611.733 59726.6648573607754   34.832                 0.00000
m                749.806 59726.6648573332012   49.305                 0.00000
m                877.944 59726.6648573630154   25.630                 0.00000
m               1017.607 59726.6648573783908   34.946                 0.00000
m                611.733 59726.6784722426226   61.151                 0.00000
m                749.806 59726.6784722155174   32.547                 0.00000
m                877.944 59726.6784722448488   33.570                 0.00000
m               1017.607 59726.6784722595569   47.875                 0.00000
m                611.733 59726.6924631729148   55.521                 0.00000
m                749.806 59726.6924631454354   46.463                 0.00000
m                877.944 59726.6924631746624   42.652                 0.00000
m               1017.608 59726.6924631896518  102.704                 0.00000
m                611.733 59726.7066406244037   20.001                 0.00000
m                749.806 59726.7066405967584   39.267                 0.00000
m                877.944 59726.7066406270558   50.307                 0.00000
m               1017.608 59726.7066406425444   43.335                 0.00000




C NGC1851E_17U_MeerTIME_n256.c256.c4s6.aru
m                612.323 59728.3291666453482   25.331                 0.00000
m                749.433 59728.3291666359772   11.782                 0.00000
m                879.908 59728.3291666472201   10.659                 0.00000
m               1017.607 59728.3291666762617   35.285                 0.00000
m                612.323 59728.3430554602130   32.927                 0.00000
m                749.433 59728.3430554506515   21.930                 0.00000
m                879.908 59728.3430554621107   14.727                 0.00000
m               1017.607 59728.3430554907239   22.118                 0.00000
m                612.323 59728.3579861118166   28.079                 0.00000
m                749.433 59728.3579861024123   23.628                 0.00000
m                879.908 59728.3579861130951   24.122                 0.00000
m               1017.607 59728.3579861421066   18.518                 0.00000
m                612.323 59728.3727521006262   30.303                 0.00000
m                749.433 59728.3727520925467   46.390                 0.00000
m                879.908 59728.3727521034239   30.567                 0.00000
m               1017.607 59728.3727521321174   30.724                 0.00000
m                612.323 59728.3872915849469   45.458                 0.00000
m                749.433 59728.3872915763974   38.165                 0.00000
m                879.908 59728.3872915873568   40.062                 0.00000
m               1017.607 59728.3872916161927   27.995                 0.00000
m                612.323 59728.3997519031766   51.096                 0.00000
m                749.433 59728.3997518937174   33.319                 0.00000
m                879.908 59728.3997519050540   55.862                 0.00000
m               1017.608 59728.3997519334261   57.649                 0.00000




C NGC1851E_18U_MeerTIME_n256.c256.c4s8.aru
m                612.795 59732.6142360192690   37.058                 0.00000
m                749.138 59732.6142360238206   22.376                 0.00000
m                876.220 59732.6142360585503   48.618                 0.00000
m               1017.738 59732.6142360600286   30.216                 0.00000
m                612.795 59732.6246527853183   27.304                 0.00000
m                749.138 59732.6246527904458   32.173                 0.00000
m                876.220 59732.6246528261697   31.507                 0.00000
m               1017.738 59732.6246528279549   42.278                 0.00000
m                612.834 59732.6356028717588   72.238                 0.00000
m                749.138 59732.6356028784344   28.941                 0.00000
m                876.220 59732.6356029132642   16.834                 0.00000
m               1017.738 59732.6356029151423   17.791                 0.00000
m                612.795 59732.6454887192538   35.669                 0.00000
m                749.138 59732.6454887246846   19.746                 0.00000
m                876.208 59732.6454887603430   21.296                 0.00000
m               1017.738 59732.6454887618344   20.124                 0.00000
m                612.795 59732.6559035480083   42.503                 0.00000
m                749.203 59732.6559035512617   19.373                 0.00000
m                876.220 59732.6559035875260   27.545                 0.00000
C m               1017.738 59732.6559035426435   67.426                 0.00000
m                612.825 59732.6663193682459   12.929                 0.00000
m                749.138 59732.6663193744690    8.031                 0.00000
m                876.220 59732.6663194098499   11.880                 0.00000
m               1017.738 59732.6663194111720   22.745                 0.00000
m                612.764 59732.6767367057522   23.520                 0.00000
m                749.138 59732.6767367100649   14.736                 0.00000
m                876.220 59732.6767367454629   24.502                 0.00000
m               1017.738 59732.6767367472107   43.653                 0.00000
m                612.796 59732.6868055257135   36.450                 0.00000
m                749.138 59732.6868055307630   73.821                 0.00000
m                876.220 59732.6868055655767   91.023                 0.00000
C m               1017.738 59732.6868055802859   64.960                 0.00000




C NGC1851E_19U_MeerTIME_n256.c128.c4s4.zap.aru
m                614.058 59787.3960068684384   65.463                 0.00000
m                747.933 59787.3960068485602   38.348                 0.00000
m                876.647 59787.3960068661850   25.727                 0.00000
m               1019.324 59787.3960068631623   28.823                 0.00000
m                614.057 59787.4902777930303   20.562                 0.00000
m                747.932 59787.4902777736391   14.520                 0.00000
m                876.647 59787.4902777912948   15.965                 0.00000
m               1019.325 59787.4902777879002   16.119                 0.00000




C NGC1851E_20U_MeerTIME_n256.c128s90.c4s4.aru
m                615.049 59790.3972222681238   33.026                 0.00000
m                747.727 59790.3972222729514   37.804                 0.00000
m                879.919 59790.3972222634560  101.776                 0.00000
m               1023.529 59790.3972222653379   58.457                 0.00000
m                615.049 59790.4274470312939   38.712                 0.00000
m                747.727 59790.4274470368983   47.590                 0.00000
m                879.919 59790.4274470279385   31.475                 0.00000
m               1023.529 59790.4274470291888   39.689                 0.00000
m                615.049 59790.4597222041077   37.205                 0.00000
m                747.727 59790.4597222085294   34.066                 0.00000
m                879.919 59790.4597222002127   24.726                 0.00000
m               1023.529 59790.4597222017824   22.743                 0.00000
m                615.049 59790.4895833337500   53.096                 0.00000
m                747.727 59790.4895833400820   33.544                 0.00000
m                879.919 59790.4895833304705   26.484                 0.00000
m               1023.529 59790.4895833310594   42.873                 0.00000




C NGC1851E_21U_MeerTIME_n256.c128.c4s4.aru
m                611.932 59792.4179233058201   17.339                 0.00000
m                747.932 59792.4179233060534   16.060                 0.00000
m                877.997 59792.4179233142042   13.918                 0.00000
m               1023.159 59792.4179233035956   28.190                 0.00000
m                611.932 59792.4492063662981   39.034                 0.00000
m                747.932 59792.4492063662098   23.976                 0.00000
m                877.997 59792.4492063746316   37.579                 0.00000
m               1023.159 59792.4492063636883   50.644                 0.00000
m                613.038 59792.4805840572278   34.120                 0.00000
m                747.933 59792.4805840814775   44.252                 0.00000
m                877.997 59792.4805840899373   38.406                 0.00000
C m               1023.159 59792.4805840699018   52.383                 0.00000



C NGC1851E_22U_MeerTIME_1of3_n256.c128.c4s6.aru
m                614.058 59793.1711552883065   44.572                 0.00000
m                749.728 59793.1711552486662   25.165                 0.00000
m                870.135 59793.1711552722638   33.898                 0.00000
m               1014.403 59793.1711552437587   38.105                 0.00000
m                614.036 59793.1897158540909   31.838                 0.00000
m                749.783 59793.1897158138481   30.354                 0.00000
m                870.120 59793.1897158382375   56.025                 0.00000
m               1014.403 59793.1897158106105   53.014                 0.00000
m                614.058 59793.2098556987257   42.627                 0.00000
m                749.783 59793.2098556592767   77.223                 0.00000
m                870.120 59793.2098556834653   45.596                 0.00000
m               1014.403 59793.2098556549741   52.197                 0.00000
m                614.058 59793.2289860390649   23.149                 0.00000
m                749.783 59793.2289859997196   21.770                 0.00000
m                870.120 59793.2289860237522   23.812                 0.00000
m               1014.403 59793.2289859960579   54.642                 0.00000
m                614.058 59793.2486123816966   12.432                 0.00000
m                749.783 59793.2486123416385   16.238                 0.00000
m                870.120 59793.2486123654947   16.901                 0.00000
m               1014.418 59793.2486123372465   17.525                 0.00000
m                614.058 59793.2670138498626   30.915                 0.00000
m                749.783 59793.2670138098324   25.307                 0.00000
m                870.120 59793.2670138336963   18.747                 0.00000
m               1014.403 59793.2670138057731   26.080                 0.00000



C NGC1851E_22U_MeerTIME_2of3_n256.c256.c4s6.aru
m                611.933 59793.2950602701673   35.487                 0.00000
m                745.537 59793.2950603004690   29.297                 0.00000
m                876.174 59793.2950602922496   23.766                 0.00000
m               1015.720 59793.2950602389779   46.096                 0.00000
m                611.933 59793.3138881091188   43.690                 0.00000
m                745.507 59793.3138881383006   42.924                 0.00000
m                876.257 59793.3138881293167   31.753                 0.00000
m               1015.720 59793.3138881405854   29.153                 0.00000
m                611.933 59793.3334163378306   43.639                 0.00000
m                745.537 59793.3334163660972   28.471                 0.00000
m                876.225 59793.3334163587373   58.707                 0.00000
m               1015.805 59793.3334163680481   38.834                 0.00000
m                611.932 59793.3530383801863   13.895                 0.00000
m                745.537 59793.3530384086405   14.933                 0.00000
m                876.219 59793.3530384007537   17.000                 0.00000
m               1015.720 59793.3530384116111   16.840                 0.00000
m                611.933 59793.3722222185805   25.206                 0.00000
m                745.537 59793.3722222481183   29.616                 0.00000
m                876.225 59793.3722222395707   44.640                 0.00000
m               1015.720 59793.3722222496021   38.895                 0.00000
m                611.932 59793.3905960329024   42.951                 0.00000
m                745.537 59793.3905960622550   58.067                 0.00000
m                876.225 59793.3905960543731   57.238                 0.00000
C m               1015.720 59793.3905960468852  184.403                 0.00000



C NGC1851E_22U_MeerTIME_3of3_n256.c256.c4s8.aru
m                611.933 59793.4158443009835   82.602                 0.00000
m                748.194 59793.4158442966187   36.811                 0.00000
m                877.278 59793.4158443124646   27.421                 0.00000
m               1018.198 59793.4158443195594   22.728                 0.00000
m                611.933 59793.4302083461859   26.147                 0.00000
m                748.194 59793.4302083431656   22.324                 0.00000
m                877.278 59793.4302083593033   44.469                 0.00000
m               1018.198 59793.4302083656550   36.170                 0.00000
m                611.882 59793.4447552793643   26.016                 0.00000
m                748.155 59793.4447552754690   27.224                 0.00000
m                877.278 59793.4447552910173   56.033                 0.00000
m               1018.198 59793.4447552972989   25.971                 0.00000
m                611.933 59793.4593749613851   53.982                 0.00000
m                748.194 59793.4593749583633   51.789                 0.00000
m                877.278 59793.4593749737085   50.085                 0.00000
m               1018.198 59793.4593749817875   86.139                 0.00000
m                611.933 59793.4741308181002   34.886                 0.00000
m                748.183 59793.4741308152673   31.287                 0.00000
m                877.278 59793.4741308310349   36.206                 0.00000
m               1018.198 59793.4741308371267   33.898                 0.00000
m                611.933 59793.4885416089484   27.131                 0.00000
m                748.194 59793.4885416059158   25.442                 0.00000
m                877.278 59793.4885416216487   21.263                 0.00000
m               1018.198 59793.4885416290145   33.210                 0.00000
m                611.933 59793.5032297283850   23.216                 0.00000
m                748.201 59793.5032297243233   23.470                 0.00000
m                877.278 59793.5032297404969   44.210                 0.00000
m               1018.198 59793.5032297468458   52.027                 0.00000
m                611.933 59793.5166666158725   30.927                 0.00000
m                748.194 59793.5166666120690   30.765                 0.00000
m                877.278 59793.5166666279873   35.061                 0.00000
m               1018.198 59793.5166666346488   31.951                 0.00000


C ######
C GBT-dataset:Template:SPIGOT_NGC1851_060602_PSR_0514-4002E.pfd.bestprof
C ######


EFAC 1.227

JUMP

C SPIGOT_NGC1851_051226_PSR_0514-4002E.pfd
1                820.024 53731.1062595230067    66.22
1                820.024 53731.1472268444059    73.72


C SPIGOT_NGC1851_060217_PSR_0514-4002E.pfd
1                820.024 53784.0317307233070    79.15
1                820.024 53784.0581635359379    63.30



C SPIGOT_NGC1851_060418_PSR_0514-4002E.pfd
1                820.024 53843.8166089295817    53.47
1                820.024 53843.8313617849791    96.08


C SPIGOT_NGC1851_060419_PSR_0514-4002E.pfd
1                820.024 53844.8363678641574    28.07
1                820.024 53844.8683057401502    47.79
C 1                820.024 53844.9002436322988    74.27


C SPIGOT_NGC1851_060602_PSR_0514-4002E.pfd
1                820.024 53888.7388318090613    22.56
1                820.024 53888.7596577445869    27.25



JUMP

